ela_distr.skewness,ela_distr.kurtosis,ela_distr.number_of_peaks,ela_distr.costs_runtime,ela_meta.lin_simple.adj_r2,ela_meta.lin_simple.intercept,ela_meta.lin_simple.coef.min,ela_meta.lin_simple.coef.max,ela_meta.lin_simple.coef.max_by_min,ela_meta.lin_w_interact.adj_r2,ela_meta.quad_simple.adj_r2,ela_meta.quad_simple.cond,ela_meta.quad_w_interact.adj_r2,ela_meta.costs_runtime,nbc.nn_nb.sd_ratio,nbc.nn_nb.mean_ratio,nbc.nn_nb.cor,nbc.dist_ratio.coeff_var,nbc.nb_fitness.cor,nbc.costs_runtime,disp.ratio_mean_02,disp.ratio_mean_05,disp.ratio_mean_10,disp.ratio_mean_25,disp.ratio_median_02,disp.ratio_median_05,disp.ratio_median_10,disp.ratio_median_25,disp.diff_mean_02,disp.diff_mean_05,disp.diff_mean_10,disp.diff_mean_25,disp.diff_median_02,disp.diff_median_05,disp.diff_median_10,disp.diff_median_25,disp.costs_runtime,ic.h_max,ic.eps_s,ic.eps_max,ic.eps_ratio,ic.m0,ic.costs_runtime,bench,dim,instance,rep,model_mae
0.18493360311096332,-1.002353066740173,2,0.016,0.4874738586782259,0.4224743595940544,0.006026734044673819,0.15586492530977453,25.862253776989142,0.5101292659994796,0.6240005648823896,16.944519761016906,0.7705042406930747,0.031,0.751927181948202,0.7215171903522404,0.7646495676599907,0.34323194522010225,-0.3221411070220504,0.109,0.5903649872538439,0.6428255730401552,0.8297888303998269,0.9347269385048853,0.5124367688140172,0.6596128211333756,0.8075302307541067,0.9374205124550188,-0.34025498347067495,-0.2966796659461337,-0.14138244265443256,-0.054217739619497385,-0.40817763940362634,-0.28496495688379764,-0.16113162568934924,-0.05239022524127823,0.0,0.8386003378599469,0.5255255255255253,0.04203621683844714,-0.8758758758758756,0.5771812080536913,0.875,rbv2_svm,6,4538,0,0.0036781272252400725
0.34874228131561036,-0.8338795307185225,2,0.016,0.43329435177393827,0.42123636541249343,0.0373454762936608,0.1387018902204971,3.714021187729262,0.47874229072778784,0.6310061501328597,51.56195844368493,0.8128417490751778,0.062,0.7209989138167213,0.6942657771747491,0.6857858187938739,0.3720565535264077,-0.3252488541716793,0.094,0.49432710346615893,0.6935042174383188,0.7490725416268835,0.9710201394384684,0.8148890391952194,0.8176929194944667,0.7747425298196393,0.9781717886638888,-0.4129241839011573,-0.25027942322188323,-0.20490324214989164,-0.023664478270369216,-0.15144568857131258,-0.14915173698279016,-0.18429093841327848,-0.017858415739972378,0.015,0.8267075736803603,0.34534534534534517,0.12136237983442417,-0.7357357357357354,0.6140939597315436,0.797,rbv2_svm,6,4538,1,0.0033987644493579825
0.3690626953889415,-0.8855385359126635,2,0.015,0.536884181350675,0.41833323488230567,0.0031865422863353796,0.16209141340381922,50.867491731995585,0.582110881976578,0.6666556752251194,10.12985603823222,0.8190755659015135,0.047,0.6768355943538761,0.6929656250474149,0.6720682180861867,0.36330287432584774,-0.3313938103305855,0.125,0.7640813946284646,0.8363559814464622,0.8519394181144698,0.9218111717749916,0.7784867134636302,0.8556200868798073,0.8562997233949601,0.9236780146144733,-0.19517166231910277,-0.13538006076025066,-0.12248813460483066,-0.06468435821509344,-0.18491785677387906,-0.12052741626855568,-0.119960060107973,-0.06371309903300848,0.0,0.8400814434866651,0.4454454454454452,0.07309099328602911,-0.7957957957957954,0.5503355704697986,0.75,rbv2_svm,6,4538,2,0.0035260461588700613
0.3024667502933803,-0.65736308508477,1,0.031,0.46787553315887775,0.4109341138911697,0.011719321744503021,0.11664432563200645,9.953163517054115,0.5362105596222304,0.5945192815307664,129.41563510336348,0.7430796986848277,0.063,0.7213164949747797,0.7128052792153206,0.7068874872626646,0.35054842351114085,-0.3460887751930298,0.093,0.5063521115277142,0.5431055968416622,0.6321243934362306,0.9562035797354307,0.4246655455172183,0.4683157504308961,0.6986606913875512,0.9337117613856798,-0.3995692540918608,-0.3698201899205982,-0.297766454887872,-0.03544976771026964,-0.46851553390735157,-0.43296960249136834,-0.2453914344287873,-0.05398089626682634,0.0,0.8215964374121515,1.0060060060060056,0.046096044868284336,-0.7957957957957954,0.5805369127516778,0.781,rbv2_svm,6,4538,3,0.004098205753167468
0.3525691986330669,-0.8779259409091629,2,0.016,0.4809769694288901,0.41394710878854324,0.023771014067114897,0.15822206497358277,6.6560923537742145,0.5153399905817357,0.6386685417112603,37.91900064140913,0.8042153815347649,0.031,0.6984394625108991,0.7121073302592328,0.6842786906620447,0.3404134564478396,-0.36452113166372474,0.094,0.5339665706084238,0.5648609564148136,0.7423920226625059,0.9344751458114556,0.47892127970945386,0.4964794355160692,0.6856373163145232,0.9480717339689891,-0.3823618793991139,-0.35701426552679016,-0.21135709189695528,-0.05376053479166487,-0.4322046604497168,-0.4176411857327104,-0.260745664080438,-0.04307149325760484,0.015,0.8385922064204578,0.6856856856856854,0.05941404535533104,-0.7757757757757754,0.5939597315436241,0.797,rbv2_svm,6,4538,4,0.003912357753515242
0.16306814911365056,-0.8805354071473648,2,0.016,0.4144816887212186,0.43549542346404385,0.011434344209968361,0.1577178412790684,13.793343840530126,0.430373253292306,0.5835289852913045,40.972863359335946,0.7188732827176605,0.046,0.7607902092814467,0.7357217730292379,0.7649636298884349,0.34432250800411845,-0.35695278480086945,0.094,0.4082876485630526,0.5863674318325189,0.675661991992547,0.8966980633158831,0.40894709482779823,0.4981170228155475,0.5745084132023005,0.8976480953149023,-0.4811459548348863,-0.33634186691970064,-0.2637327413785109,-0.08399910673061006,-0.487617527144727,-0.4140525054680437,-0.35102975310599693,-0.08444012748158203,0.015,0.7755250503321689,0.7657657657657654,0.05804485942768978,-0.7957957957957954,0.5637583892617449,0.719,rbv2_svm,6,4538,5,0.003835171443223949
0.34702492872887536,-0.6981030456781698,1,0.016,0.4240665018024644,0.40534335650493236,0.014225261575673755,0.1473558356125748,10.358743481003128,0.4704567586578763,0.5565957258559189,7.260944342763857,0.7140681157274433,0.062,0.716497357743931,0.6946867076734756,0.718756908231921,0.36388609738166094,-0.3540780802999713,0.11,0.5997217382268729,0.5535921250996038,0.7245998977889707,0.9451270488902155,0.8191568697865523,0.8201727585107642,0.8228305322505084,0.9372326921237006,-0.32123102014751137,-0.35825092379714174,-0.2210138901625387,-0.04403660090212769,-0.14727288801646787,-0.14644558058078339,-0.1442811742586606,-0.05111569730655996,0.015,0.808129477479104,0.7657657657657654,0.12708787092020596,-0.7357357357357354,0.6476510067114094,0.75,rbv2_svm,6,4538,6,0.0035007533828417445
0.28548642774664046,-0.6853372016655488,1,0.016,0.4542180966180549,0.44196683773263007,0.006933524252658082,0.13673362063047062,19.720652246662514,0.5171835820515893,0.5998513260945506,8.025948493063424,0.7669091432566975,0.047,0.6751155487010957,0.6907484767230048,0.6834339738723204,0.37032910601677504,-0.3751961317711605,0.094,0.5452017423137915,0.7418992685105151,0.7188334200407787,0.9617382183347172,0.48960247388589445,0.8116261545484137,0.6708801621085428,0.9682269457162114,-0.3582118617354418,-0.2032873740820652,-0.22145468317618366,-0.030136052220966048,-0.40701468842544053,-0.1502180517952565,-0.2624554419256243,-0.025337308917029677,0.0,0.8208355846276102,0.6056056056056053,0.08393129498166364,-0.6956956956956954,0.587248322147651,0.546,rbv2_svm,6,4538,7,0.0039439403315385205
0.3204960629891968,-0.912937109098487,1,0.0,0.507452713784704,0.4290921630825284,0.021405045145927074,0.1573894732799207,7.352914801484013,0.563453889803384,0.6574685440841512,25.34906914306109,0.7994666911193533,0.047,0.7152504383098051,0.6906821934422561,0.741992890132503,0.37249628024651105,-0.3300018102739679,0.109,0.7477563937260376,0.6834773234102722,0.8139817874834178,0.9171215780438814,0.8355001889208721,0.6749673605867655,0.8571675754998227,0.9258276523528267,-0.20513191529499075,-0.2574055447519583,-0.151275478403339,-0.06739916893679432,-0.1345219181407964,-0.26579978314505137,-0.1168031233009863,-0.060655428191976446,0.016,0.8506311009027147,0.6856856856856854,0.10092621909870483,-0.6356356356356354,0.5939597315436241,0.75,rbv2_svm,6,4538,8,0.0034022531549135868
0.3136964671651018,-0.6978274376167022,1,0.016,0.43593944178563615,0.41179365788850064,0.033065954693869165,0.1403735839043501,4.245260274622498,0.49823260117153134,0.5683295695440085,6.3775864580290405,0.75646800750143,0.047,0.7622968832619195,0.7248304722186383,0.7736973235529714,0.35001432790005704,-0.3617524783398193,0.11,0.5857544095457463,0.5441956309452811,0.7068053020843458,0.9218727308941956,0.8421216100927554,0.4916366634328367,0.580022907579693,0.9389416247528557,-0.3297799749306043,-0.3628648243069827,-0.23341163395941633,-0.062196941719658505,-0.12574308155961844,-0.4048886774779005,-0.33449298422921664,-0.04863026702457618,0.031,0.823321815045172,0.5655655655655653,0.11862860508920267,-0.6356356356356354,0.6006711409395973,0.609,rbv2_svm,6,4538,9,0.004111187098423641
0.31217916064925366,-0.793650830370761,2,0.015,0.5355807288898753,0.4302664900962227,0.003443740623772701,0.15615002804821537,45.343144303693016,0.5472396932993536,0.6707402736452345,19.064373809423724,0.825295657256186,0.046,0.7840637423404702,0.7320062709282702,0.773649945604492,0.3408208242620503,-0.3351642063896197,0.094,0.5505139070694753,0.5609089763049971,0.7989248410533761,0.9227767209908229,0.5255835368465438,0.544158862645552,0.8025722126565032,0.9220680822495587,-0.3694882330686775,-0.36094323951967094,-0.1652885514406227,-0.0634793675747396,-0.39548857480069827,-0.38000359546866336,-0.16458205038571505,-0.06496651249777086,0.0,0.8168070933731314,0.3053053053053052,0.11067360180959745,-0.7757757757757754,0.5906040268456376,0.704,rbv2_svm,6,4538,10,0.0036355262577533734
0.15194664682846923,-0.6579876502315254,2,0.032,0.3794301139385605,0.45143934514300466,0.0077914796272367665,0.14289720330030725,18.340188274481246,0.43664876659579854,0.5681263062618203,5.706061151755487,0.7034450001927126,0.031,0.7352217682351921,0.7061055384155199,0.7527764519529379,0.36920349822553994,-0.3532675371666852,0.11,0.6381911468543726,0.6053489599299368,0.8853203341299777,0.9861360071257059,0.5879892263305149,0.5832938909738558,0.840903400397256,1.0156560675038127,-0.2883765735497561,-0.3145531506312942,-0.09140442200875876,-0.011050173941426378,-0.3310884431106534,-0.3348615756898654,-0.12784870890033428,0.01258108609371178,0.0,0.8118671070888293,0.7057057057057055,0.09637934799615785,-0.7357357357357354,0.6208053691275168,0.781,rbv2_svm,6,4538,11,0.003501476440827053
0.3352875494682627,-0.8353844526783947,2,0.031,0.4450470147459461,0.41036930665744104,0.0363267814020762,0.16329501638891117,4.495168855768166,0.4913167054841103,0.6262036536513871,7.886410774763694,0.7981942668132086,0.062,0.6991405951711693,0.6893726410515765,0.743061860902888,0.36597619041946733,-0.33956353549425217,0.094,0.7185195466747196,0.7471444272190281,0.7250405105813207,0.9279531518266819,0.7633414400798969,0.7433086888497145,0.7283083616075062,0.9419958603176737,-0.22255292086119494,-0.1999206183365262,-0.2173971114715908,-0.056963943003479955,-0.18796568072715536,-0.20387666118393766,-0.21579064697918482,-0.04606969468614319,0.0,0.8185440602748465,0.42542542542542516,0.0748150935841653,-0.7157157157157155,0.5906040268456376,0.438,rbv2_svm,6,4538,12,0.003581450500090918
0.1823882061318252,-0.8718918796769604,2,0.031,0.5432458356671267,0.4315597845894275,0.016999378832330776,0.1630900977686441,9.593885716486671,0.5694981378837789,0.6491864942990943,6.272853701445262,0.803237060208682,0.032,0.728810194271127,0.7096077214075808,0.6836411610179951,0.3727643750430284,-0.3634037488330189,0.109,0.2971897475160262,0.6477652832231173,0.8453960789838715,0.8856676025737621,0.4151481936640355,0.5981198209581038,0.8549597343490242,0.8966801491226497,-0.5596084360570646,-0.280464774501862,-0.12310244214899024,-0.09103648372831719,-0.47144650272574123,-0.3239538680936546,-0.11691632864049883,-0.0832856833655582,0.016,0.8572014061822201,0.5055055055055053,0.08393129498166364,-0.7757757757757754,0.6006711409395973,0.453,rbv2_svm,6,4538,13,0.003298260615269346
0.26052958500662915,-0.8614410352691921,2,0.016,0.5078656261455405,0.4217941676617786,0.0054982262454927235,0.15895110955558764,28.909525082910303,0.5463086749769164,0.6579067703151755,4.046940374627028,0.7686318433168312,0.062,0.7404434144892137,0.715846851785821,0.7313369693929682,0.35225148587875627,-0.32257412415736636,0.109,0.6873197582636491,0.7719513723984177,0.862229337744646,0.9459270811662056,0.4691194004065661,0.7143693644742427,0.8262394164046412,0.9621675728502463,-0.25631175459863265,-0.18693712001047236,-0.11293403119682999,-0.04432491361013313,-0.4335949674124585,-0.23328787338930346,-0.14191837983776123,-0.03089950928644658,0.031,0.8249824500502774,0.4654654654654652,0.0697981390783066,-0.7157157157157155,0.587248322147651,0.547,rbv2_svm,6,4538,14,0.0034661482771237684
0.23151110568680078,-0.7395095804968661,1,0.016,0.5479577325166658,0.4118842706885676,0.04427645263303986,0.1553079700449549,3.507687739398106,0.5907048365824743,0.71090920891146,19.354671936809027,0.7996057990064287,0.062,0.7587305368674168,0.7174932163068164,0.7001358403384129,0.3511890344264094,-0.34049108831117375,0.078,0.577727966811382,0.798072684671742,0.8744854402930982,0.9423913309835543,0.4627807758904212,0.8449129257861034,0.8669738974209945,0.9728266465889933,-0.3401996228111152,-0.16268090498725962,-0.10111966342445,-0.04641190021999653,-0.4374612465540658,-0.126288453140306,-0.10832405477464957,-0.02212744541287759,0.0,0.8253710371007856,0.4454454454454452,0.07653919388230147,-0.6356356356356354,0.5838926174496645,0.781,rbv2_svm,6,4538,15,0.0036229157547156003
0.3367916816103992,-0.4709060164247023,2,0.016,0.3990445541953078,0.4187474899885572,0.03040037381520568,0.1346669331857018,4.429778857467339,0.46585731070370506,0.55781577938145,5.350320591004413,0.7623676175605735,0.047,0.7214727880740286,0.6973868547056491,0.6874006788644776,0.3609911075844752,-0.3667698805432024,0.125,0.6022114679361122,0.6219074770899324,0.783384394270648,0.9349740094731182,0.622721977210122,0.5581837070543701,0.8374538690291906,0.9446375843725798,-0.3190905983393871,-0.30329122043077217,-0.17376067349957314,-0.05216133838041759,-0.30562556844920574,-0.35790676245362163,-0.13167545066583586,-0.04484801320185838,0.016,0.7935627779702941,0.8058058058058054,0.05418125787022615,-0.7357357357357354,0.610738255033557,0.578,rbv2_svm,6,4538,16,0.0040406011660893745
0.30832297883043813,-0.7429067714525188,2,0.015,0.46603490840398576,0.43664276678199426,0.01153180831683211,0.149677635537048,12.979545915498338,0.4929440802979317,0.6693517593338525,17.29074576523994,0.8064093722121887,0.062,0.7134249036497344,0.7003943988654654,0.7085751055185412,0.3543255652737679,-0.298962818964568,0.109,0.8796990330918834,0.8194191039740741,0.8760874791002572,0.9758874845343067,0.9683226975941678,0.8736620834051417,0.8751245949941407,0.9869784216363792,-0.09286616982701934,-0.13939918014680142,-0.09565410408013275,-0.018613623927927203,-0.024445011514313553,-0.09749352347904139,-0.09636492003374564,-0.010048602906750137,0.016,0.8143897961665607,0.3653653653653652,0.05804485942768978,-0.6956956956956954,0.6073825503355704,0.454,rbv2_svm,6,4538,17,0.0036225830435752883
0.42611757022001345,-0.41238056125738964,1,0.015,0.4778940551879365,0.4141068933465676,0.01943435721135576,0.13236758162020867,6.811008986850592,0.5228217639670488,0.611796723255473,13.901885262412993,0.7397427716222911,0.047,0.7603423582881736,0.7238992148246529,0.7416391091760692,0.3511703573886413,-0.3455227183695623,0.109,0.3433106636543206,0.5730440900207985,0.6855521915521161,0.8853728801149668,0.40161081722894126,0.5116091255022359,0.5767114762426169,0.8816062740264347,-0.5377250731382119,-0.34960960261353347,-0.25748319858019164,-0.09386154611068032,-0.49783150601800186,-0.40631811466032774,-0.35215603712358196,-0.09849798191798687,0.0,0.8054032989357789,0.6056056056056053,0.0697981390783066,-0.8158158158158154,0.5469798657718121,0.719,rbv2_svm,6,4538,18,0.0034439511378606185
0.29751096576879416,-0.6767449859873111,2,0.0,0.4434615895990506,0.427872190049666,0.029777026854744208,0.13976081267587648,4.6935784877934905,0.4906195422805145,0.6038168680835925,387.22775412718346,0.7453322011198689,0.047,0.7065894150858846,0.6970593650308411,0.6940325233139345,0.3568833746108804,-0.36612256867253523,0.109,0.5141018348129303,0.5955996436463366,0.739542359783118,0.9132690468672318,0.4920836222763396,0.6646366424478366,0.8160572810739634,0.8992826988124863,-0.39539442190007495,-0.3290764538184268,-0.21194461198132608,-0.070576383143103,-0.4165560338321745,-0.2750406095205208,-0.15085642599582383,-0.08260099764646134,0.016,0.8407940283822989,0.9659659659659654,0.10092621909870483,-0.7157157157157155,0.6073825503355704,0.437,rbv2_svm,6,4538,19,0.003985811285177867
